2,5d1
< -2.167309000000000374e+00,-1.000000000000000000e+00,-1.000000000000000000e+00
< -1.990000000000000213e+00,-1.990000000000000213e+00,-1.990000000000000213e+00
< -1.990000000000000213e+00,-1.000000000000000000e+00,-1.000000000000000000e+00
< -2.970100000000000406e+00,-3.058309000000000388e+00,-1.990000000000000213e+00
11d6
< -5.432013190000001046e+00,-4.725459100000000134e+00,-4.900995010000000818e+00
44d38
< -1.990000000000000213e+00,-1.990000000000000213e+00,-1.000000000000000000e+00
66d59
< -1.399100000000000010e+00,-1.000000000000000000e+00,-1.000000000000000000e+00
121a115,121
> -1.000000000000000000e+00,-1.000000000000000000e+00,-1.000000000000000000e+00
> -1.000000000000000000e+00,-1.000000000000000000e+00,-1.000000000000000000e+00
> -1.000000000000000000e+00,-1.000000000000000000e+00,-1.000000000000000000e+00
> -1.000000000000000000e+00,-1.000000000000000000e+00,-1.000000000000000000e+00
> -1.000000000000000000e+00,-1.000000000000000000e+00,-1.000000000000000000e+00
> -1.000000000000000000e+00,-1.000000000000000000e+00,-1.000000000000000000e+00
> -1.000000000000000000e+00,-1.000000000000000000e+00,-1.000000000000000000e+00
126d125
< 0.000000000000000000e+00,0.000000000000000000e+00,-9.010899999999999466e-01
132c131,132
< -1.267309000000000019e+00,-1.248678100000000013e+00,-5.788711900000002020e-01
---
> 0.000000000000000000e+00,0.000000000000000000e+00,1.000000000000000021e-02
> 0.000000000000000000e+00,0.000000000000000000e+00,1.000000000000000021e-02
137d136
< 0.000000000000000000e+00,0.000000000000000000e+00,4.705107948672420659e-01
143c142,143
< -2.240593374359063361e-01,-3.048126374654818727e-01,-1.320791000000000048e-01
---
> 0.000000000000000000e+00,0.000000000000000000e+00,1.000000000000000021e-02
> 0.000000000000000000e+00,0.000000000000000000e+00,1.000000000000000021e-02
167c167
< 8.470209000000000765e-01,0.000000000000000000e+00,0.000000000000000000e+00
---
> 1.000000000000000021e-02,0.000000000000000000e+00,0.000000000000000000e+00
178c178
< 3.269829000000000208e-01,0.000000000000000000e+00,0.000000000000000000e+00
---
> 1.000000000000000021e-02,0.000000000000000000e+00,0.000000000000000000e+00
222d221
< 0.000000000000000000e+00,1.098999999999999838e-01,0.000000000000000000e+00
243a243
> 0.000000000000000000e+00,1.000000000000000021e-02,0.000000000000000000e+00
249d248
< 0.000000000000000000e+00,0.000000000000000000e+00,5.508290000000000131e-01
253c252,253
< 0.000000000000000000e+00,0.000000000000000000e+00,8.848842888731843770e-01
---
> 0.000000000000000000e+00,0.000000000000000000e+00,1.000000000000000021e-02
> 0.000000000000000000e+00,0.000000000000000000e+00,1.000000000000000021e-02
256d255
< 0.000000000000000000e+00,0.000000000000000000e+00,8.698256219000000122e-01
260d258
< 0.000000000000000000e+00,0.000000000000000000e+00,-4.559170999999999641e-01
264c262,264
< 0.000000000000000000e+00,0.000000000000000000e+00,2.040624358648460923e+00
---
> 0.000000000000000000e+00,0.000000000000000000e+00,1.000000000000000021e-02
> 0.000000000000000000e+00,0.000000000000000000e+00,1.000000000000000021e-02
> 0.000000000000000000e+00,0.000000000000000000e+00,1.000000000000000021e-02
267d266
< 0.000000000000000000e+00,0.000000000000000000e+00,5.767548404870599388e-01
273d271
< 0.000000000000000000e+00,0.000000000000000000e+00,2.099000000000000032e-01
275c273,275
< 2.213933382631885216e-01,0.000000000000000000e+00,-1.130081474838822153e-01
---
> 0.000000000000000000e+00,0.000000000000000000e+00,1.000000000000000021e-02
> 0.000000000000000000e+00,0.000000000000000000e+00,1.000000000000000021e-02
> 0.000000000000000000e+00,0.000000000000000000e+00,1.000000000000000021e-02
287c287
< 0.000000000000000000e+00,1.429247521900000040e-01,0.000000000000000000e+00
---
> 0.000000000000000000e+00,1.000000000000000021e-02,0.000000000000000000e+00
289c289
< -1.930290129209831229e-01,1.108155820407578762e+00,0.000000000000000000e+00
---
> 1.000000000000000021e-02,0.000000000000000000e+00,0.000000000000000000e+00
298c298
< 0.000000000000000000e+00,4.073467642012900125e-01,0.000000000000000000e+00
---
> 0.000000000000000000e+00,1.000000000000000021e-02,0.000000000000000000e+00
300c300
< 3.099000000000000088e-01,0.000000000000000000e+00,0.000000000000000000e+00
---
> 1.000000000000000021e-02,0.000000000000000000e+00,0.000000000000000000e+00
319c319
< 0.000000000000000000e+00,0.000000000000000000e+00,7.433506909999999523e-01
---
> 0.000000000000000000e+00,0.000000000000000000e+00,1.000000000000000021e-02
343d342
< 0.000000000000000000e+00,2.798034332937565649e-01,0.000000000000000000e+00
353,355d351
< 0.000000000000000000e+00,1.098999999999999838e-01,0.000000000000000000e+00
< 0.000000000000000000e+00,9.089343329375652036e-01,0.000000000000000000e+00
< 0.000000000000000000e+00,-3.245481855483925981e-01,0.000000000000000000e+00
361d356
< 0.000000000000000000e+00,-4.900999999999999801e-01,0.000000000000000000e+00
363d357
< 3.009000000000000008e-01,-4.900999999999999801e-01,0.000000000000000000e+00
364a359,364
> 0.000000000000000000e+00,1.000000000000000021e-02,0.000000000000000000e+00
> 0.000000000000000000e+00,1.000000000000000021e-02,0.000000000000000000e+00
> 0.000000000000000000e+00,1.000000000000000021e-02,0.000000000000000000e+00
> 0.000000000000000000e+00,1.000000000000000021e-02,0.000000000000000000e+00
> 0.000000000000000000e+00,1.000000000000000021e-02,0.000000000000000000e+00
> 0.000000000000000000e+00,1.000000000000000021e-02,0.000000000000000000e+00
374c374
< 0.000000000000000000e+00,0.000000000000000000e+00,2.440829000000000470e-01
---
> 0.000000000000000000e+00,0.000000000000000000e+00,1.000000000000000021e-02
377d376
< 0.000000000000000000e+00,0.000000000000000000e+00,6.340034621899999223e-01
381d379
< 0.000000000000000000e+00,0.000000000000000000e+00,-3.101900000000000768e-01
385c383,385
< 0.000000000000000000e+00,0.000000000000000000e+00,3.898099999999999898e-01
---
> 0.000000000000000000e+00,0.000000000000000000e+00,1.000000000000000021e-02
> 0.000000000000000000e+00,0.000000000000000000e+00,1.000000000000000021e-02
> 0.000000000000000000e+00,0.000000000000000000e+00,1.000000000000000021e-02
388d387
< 0.000000000000000000e+00,0.000000000000000000e+00,5.679208999999999508e-01
396,399d394
< 0.000000000000000000e+00,0.000000000000000000e+00,1.749989997983831369e+00
< 0.000000000000000000e+00,3.068119000000000263e-01,0.000000000000000000e+00
< 0.000000000000000000e+00,0.000000000000000000e+00,2.278910000000000380e-01
< 0.000000000000000000e+00,0.000000000000000000e+00,2.099000000000000032e-01
401a397
> 0.000000000000000000e+00,1.000000000000000021e-02,0.000000000000000000e+00
407,408c403,408
< 5.924966118062970910e-01,0.000000000000000000e+00,-2.921990000000000975e-01
< 0.000000000000000000e+00,5.505484613490999601e-01,0.000000000000000000e+00
---
> 0.000000000000000000e+00,0.000000000000000000e+00,1.000000000000000021e-02
> 0.000000000000000000e+00,0.000000000000000000e+00,1.000000000000000021e-02
> 0.000000000000000000e+00,0.000000000000000000e+00,1.000000000000000021e-02
> 0.000000000000000000e+00,0.000000000000000000e+00,1.000000000000000021e-02
> 0.000000000000000000e+00,0.000000000000000000e+00,1.000000000000000021e-02
> 0.000000000000000000e+00,1.000000000000000021e-02,0.000000000000000000e+00
419,420c419
< 0.000000000000000000e+00,6.602387465927710419e-01,0.000000000000000000e+00
< -2.201899999999999413e-01,0.000000000000000000e+00,0.000000000000000000e+00
---
> 0.000000000000000000e+00,1.000000000000000021e-02,0.000000000000000000e+00
422a422
> 1.000000000000000021e-02,0.000000000000000000e+00,0.000000000000000000e+00
432d431
< 5.960019000000000844e-01,0.000000000000000000e+00,0.000000000000000000e+00
434c433
< 0.000000000000000000e+00,0.000000000000000000e+00,2.099000000000000032e-01
---
> 1.000000000000000021e-02,0.000000000000000000e+00,0.000000000000000000e+00
438d436
< 0.000000000000000000e+00,0.000000000000000000e+00,2.099000000000000032e-01
440c438,440
< 0.000000000000000000e+00,0.000000000000000000e+00,4.184201899999999696e-01
---
> 0.000000000000000000e+00,0.000000000000000000e+00,1.000000000000000021e-02
> 0.000000000000000000e+00,0.000000000000000000e+00,1.000000000000000021e-02
> 0.000000000000000000e+00,0.000000000000000000e+00,1.000000000000000021e-02
449d448
< 0.000000000000000000e+00,0.000000000000000000e+00,2.099000000000000032e-01
451a451
> 0.000000000000000000e+00,0.000000000000000000e+00,1.000000000000000021e-02
473d472
< 0.000000000000000000e+00,-2.322875074513817140e-01,0.000000000000000000e+00
475,478d473
< 0.000000000000000000e+00,2.978119000000000183e-01,0.000000000000000000e+00
< 0.000000000000000000e+00,1.238027390101841263e-01,0.000000000000000000e+00
< 0.000000000000000000e+00,6.939337971220859158e-01,0.000000000000000000e+00
< 0.000000000000000000e+00,-4.900999999999999801e-01,0.000000000000000000e+00
485a481,485
> 0.000000000000000000e+00,1.000000000000000021e-02,0.000000000000000000e+00
> 0.000000000000000000e+00,1.000000000000000021e-02,0.000000000000000000e+00
> 0.000000000000000000e+00,1.000000000000000021e-02,0.000000000000000000e+00
> 0.000000000000000000e+00,1.000000000000000021e-02,0.000000000000000000e+00
> 0.000000000000000000e+00,1.000000000000000021e-02,0.000000000000000000e+00
495c495
< 0.000000000000000000e+00,0.000000000000000000e+00,3.898099999999999898e-01
---
> 0.000000000000000000e+00,0.000000000000000000e+00,1.000000000000000021e-02
498,499d497
< 0.000000000000000000e+00,0.000000000000000000e+00,4.322458883711152167e-01
< 0.000000000000000000e+00,0.000000000000000000e+00,2.099000000000000032e-01
501d498
< 0.000000000000000000e+00,0.000000000000000000e+00,1.369579449913947977e+00
506c503,506
< 0.000000000000000000e+00,0.000000000000000000e+00,1.237496838257537535e+00
---
> 0.000000000000000000e+00,0.000000000000000000e+00,1.000000000000000021e-02
> 0.000000000000000000e+00,0.000000000000000000e+00,1.000000000000000021e-02
> 0.000000000000000000e+00,0.000000000000000000e+00,1.000000000000000021e-02
> 0.000000000000000000e+00,0.000000000000000000e+00,1.000000000000000021e-02
511d510
< 0.000000000000000000e+00,0.000000000000000000e+00,2.090000000000000191e-01
517,520d515
< 0.000000000000000000e+00,0.000000000000000000e+00,1.104567168016779455e+00
< 0.000000000000000000e+00,4.140082093845960931e-01,0.000000000000000000e+00
< 0.000000000000000000e+00,0.000000000000000000e+00,-9.259847737870990914e-02
< 0.000000000000000000e+00,0.000000000000000000e+00,-4.900999999999999801e-01
522d516
< 5.708999999999999631e-01,0.000000000000000000e+00,-3.101900000000000768e-01
524c518
< 0.000000000000000000e+00,0.000000000000000000e+00,9.852359383106300550e-01
---
> 0.000000000000000000e+00,1.000000000000000021e-02,0.000000000000000000e+00
526d519
< 0.000000000000000000e+00,0.000000000000000000e+00,4.712262914900000599e-01
528,530c521,529
< 0.000000000000000000e+00,0.000000000000000000e+00,2.678951593320102464e+00
< 0.000000000000000000e+00,1.349938810000000100e-01,0.000000000000000000e+00
< -1.736820457987099942e-01,0.000000000000000000e+00,0.000000000000000000e+00
---
> 0.000000000000000000e+00,0.000000000000000000e+00,1.000000000000000021e-02
> 0.000000000000000000e+00,0.000000000000000000e+00,1.000000000000000021e-02
> 0.000000000000000000e+00,0.000000000000000000e+00,1.000000000000000021e-02
> 0.000000000000000000e+00,0.000000000000000000e+00,1.000000000000000021e-02
> 0.000000000000000000e+00,0.000000000000000000e+00,1.000000000000000021e-02
> 0.000000000000000000e+00,0.000000000000000000e+00,1.000000000000000021e-02
> 0.000000000000000000e+00,0.000000000000000000e+00,1.000000000000000021e-02
> 0.000000000000000000e+00,0.000000000000000000e+00,1.000000000000000021e-02
> 0.000000000000000000e+00,1.000000000000000021e-02,0.000000000000000000e+00
533a533
> 1.000000000000000021e-02,0.000000000000000000e+00,0.000000000000000000e+00
535,537d534
< 0.000000000000000000e+00,0.000000000000000000e+00,2.099000000000000032e-01
< 0.000000000000000000e+00,0.000000000000000000e+00,6.482051752609999662e-01
< 0.000000000000000000e+00,0.000000000000000000e+00,2.099000000000000032e-01
539,541c536,540
< 0.000000000000000000e+00,0.000000000000000000e+00,2.255848406892896119e+00
< 0.000000000000000000e+00,1.998099999999999876e-01,0.000000000000000000e+00
< 1.400444094090000036e+00,0.000000000000000000e+00,0.000000000000000000e+00
---
> 0.000000000000000000e+00,0.000000000000000000e+00,1.000000000000000021e-02
> 0.000000000000000000e+00,0.000000000000000000e+00,1.000000000000000021e-02
> 0.000000000000000000e+00,0.000000000000000000e+00,1.000000000000000021e-02
> 0.000000000000000000e+00,0.000000000000000000e+00,1.000000000000000021e-02
> 0.000000000000000000e+00,1.000000000000000021e-02,0.000000000000000000e+00
544a544
> 1.000000000000000021e-02,0.000000000000000000e+00,0.000000000000000000e+00
564d563
< 4.215062993679884462e-01,0.000000000000000000e+00,0.000000000000000000e+00
566c565,566
< 5.798100000000000476e-01,0.000000000000000000e+00,0.000000000000000000e+00
---
> 1.000000000000000021e-02,0.000000000000000000e+00,0.000000000000000000e+00
> 1.000000000000000021e-02,0.000000000000000000e+00,0.000000000000000000e+00
572c572
< 0.000000000000000000e+00,0.000000000000000000e+00,2.368910000000000182e-01
---
> 0.000000000000000000e+00,0.000000000000000000e+00,1.000000000000000021e-02
584d583
< 0.000000000000000000e+00,1.998099999999999876e-01,0.000000000000000000e+00
586d584
< 0.000000000000000000e+00,-4.811090000000000089e-01,0.000000000000000000e+00
594d591
< 0.000000000000000000e+00,1.098999999999999838e-01,0.000000000000000000e+00
597,598d593
< 0.000000000000000000e+00,1.998099999999999876e-01,0.000000000000000000e+00
< 0.000000000000000000e+00,5.412476395809999730e-01,0.000000000000000000e+00
606a602,606
> 0.000000000000000000e+00,1.000000000000000021e-02,0.000000000000000000e+00
> 0.000000000000000000e+00,1.000000000000000021e-02,0.000000000000000000e+00
> 0.000000000000000000e+00,1.000000000000000021e-02,0.000000000000000000e+00
> 0.000000000000000000e+00,1.000000000000000021e-02,0.000000000000000000e+00
> 0.000000000000000000e+00,1.000000000000000021e-02,0.000000000000000000e+00
608d607
< 0.000000000000000000e+00,0.000000000000000000e+00,2.883083420000000507e-01
616a616
> 0.000000000000000000e+00,0.000000000000000000e+00,1.000000000000000021e-02
622d621
< 0.000000000000000000e+00,0.000000000000000000e+00,3.898099999999999898e-01
627c626,627
< 0.000000000000000000e+00,0.000000000000000000e+00,7.509027202659558364e-01
---
> 0.000000000000000000e+00,0.000000000000000000e+00,1.000000000000000021e-02
> 0.000000000000000000e+00,0.000000000000000000e+00,1.000000000000000021e-02
631d630
< 0.000000000000000000e+00,0.000000000000000000e+00,2.099000000000000032e-01
638c637,638
< 0.000000000000000000e+00,0.000000000000000000e+00,3.898099999999999898e-01
---
> 0.000000000000000000e+00,0.000000000000000000e+00,1.000000000000000021e-02
> 0.000000000000000000e+00,0.000000000000000000e+00,1.000000000000000021e-02
640d639
< 0.000000000000000000e+00,0.000000000000000000e+00,2.099000000000000032e-01
643,644d641
< 0.000000000000000000e+00,0.000000000000000000e+00,7.442506909999999642e-01
< 0.000000000000000000e+00,0.000000000000000000e+00,-4.900999999999999801e-01
649,658c646,650
< 0.000000000000000000e+00,0.000000000000000000e+00,6.736158716507565369e-01
< 0.000000000000000000e+00,4.482394218999999902e-01,0.000000000000000000e+00
< 1.301303721900000099e+00,0.000000000000000000e+00,0.000000000000000000e+00
< 3.099000000000000088e-01,0.000000000000000000e+00,0.000000000000000000e+00
< 3.099000000000000088e-01,0.000000000000000000e+00,0.000000000000000000e+00
< 7.910804899709239502e-01,0.000000000000000000e+00,0.000000000000000000e+00
< -4.506584520289999563e-01,0.000000000000000000e+00,0.000000000000000000e+00
< -3.909596278100000433e-01,2.160018999999999967e-01,0.000000000000000000e+00
< 1.359003745397100005e+00,0.000000000000000000e+00,0.000000000000000000e+00
< 6.259646100000000324e-01,0.000000000000000000e+00,0.000000000000000000e+00
---
> 0.000000000000000000e+00,0.000000000000000000e+00,1.000000000000000021e-02
> 0.000000000000000000e+00,0.000000000000000000e+00,1.000000000000000021e-02
> 0.000000000000000000e+00,0.000000000000000000e+00,1.000000000000000021e-02
> 0.000000000000000000e+00,0.000000000000000000e+00,1.000000000000000021e-02
> 0.000000000000000000e+00,1.000000000000000021e-02,0.000000000000000000e+00
660,662d651
< 2.863120497361228534e+00,0.000000000000000000e+00,0.000000000000000000e+00
< 0.000000000000000000e+00,2.888208999999999915e-01,0.000000000000000000e+00
< -4.900999999999999801e-01,0.000000000000000000e+00,0.000000000000000000e+00
668,669d656
< 1.163797508100000044e+00,0.000000000000000000e+00,0.000000000000000000e+00
< 3.099000000000000088e-01,0.000000000000000000e+00,0.000000000000000000e+00
671c658,660
< 1.093983420000000040e+00,0.000000000000000000e+00,0.000000000000000000e+00
---
> 1.000000000000000021e-02,0.000000000000000000e+00,0.000000000000000000e+00
> 1.000000000000000021e-02,0.000000000000000000e+00,0.000000000000000000e+00
> 1.000000000000000021e-02,0.000000000000000000e+00,0.000000000000000000e+00
685d673
< 8.470209000000000765e-01,0.000000000000000000e+00,0.000000000000000000e+00
694c682
< 0.000000000000000000e+00,1.098999999999999838e-01,0.000000000000000000e+00
---
> 1.000000000000000021e-02,0.000000000000000000e+00,0.000000000000000000e+00
695a684,693
> 1.000000000000000021e-02,0.000000000000000000e+00,0.000000000000000000e+00
> 1.000000000000000021e-02,0.000000000000000000e+00,0.000000000000000000e+00
> 1.000000000000000021e-02,0.000000000000000000e+00,0.000000000000000000e+00
> 1.000000000000000021e-02,0.000000000000000000e+00,0.000000000000000000e+00
> 1.000000000000000021e-02,0.000000000000000000e+00,0.000000000000000000e+00
> 1.000000000000000021e-02,0.000000000000000000e+00,0.000000000000000000e+00
> 1.000000000000000021e-02,0.000000000000000000e+00,0.000000000000000000e+00
> 1.000000000000000021e-02,0.000000000000000000e+00,0.000000000000000000e+00
> 1.000000000000000021e-02,0.000000000000000000e+00,0.000000000000000000e+00
> 1.000000000000000021e-02,0.000000000000000000e+00,0.000000000000000000e+00
705d702
< 0.000000000000000000e+00,4.562504029000000738e-01,0.000000000000000000e+00
716d712
< 0.000000000000000000e+00,1.358030710000000252e-01,0.000000000000000000e+00
727a724,727
> 0.000000000000000000e+00,1.000000000000000021e-02,0.000000000000000000e+00
> 0.000000000000000000e+00,1.000000000000000021e-02,0.000000000000000000e+00
> 0.000000000000000000e+00,1.000000000000000021e-02,0.000000000000000000e+00
> 0.000000000000000000e+00,1.000000000000000021e-02,0.000000000000000000e+00
729d728
< 0.000000000000000000e+00,0.000000000000000000e+00,2.099000000000000032e-01
732d730
< 0.000000000000000000e+00,0.000000000000000000e+00,2.099000000000000032e-01
737a736,737
> 0.000000000000000000e+00,0.000000000000000000e+00,1.000000000000000021e-02
> 0.000000000000000000e+00,0.000000000000000000e+00,1.000000000000000021e-02
740d739
< 0.000000000000000000e+00,0.000000000000000000e+00,-1.320791000000000048e-01
748a748
> 0.000000000000000000e+00,0.000000000000000000e+00,1.000000000000000021e-02
751d750
< 0.000000000000000000e+00,0.000000000000000000e+00,-4.900999999999999801e-01
759a759
> 0.000000000000000000e+00,0.000000000000000000e+00,1.000000000000000021e-02
764d763
< 3.009000000000000008e-01,0.000000000000000000e+00,-4.900999999999999801e-01
768,769d766
< 0.000000000000000000e+00,0.000000000000000000e+00,3.898099999999999898e-01
< 0.000000000000000000e+00,0.000000000000000000e+00,2.090000000000000191e-01
771,773c768,771
< 0.000000000000000000e+00,1.098999999999999838e-01,0.000000000000000000e+00
< 8.470209000000000765e-01,0.000000000000000000e+00,0.000000000000000000e+00
< 2.272899999999999920e-02,0.000000000000000000e+00,0.000000000000000000e+00
---
> 0.000000000000000000e+00,0.000000000000000000e+00,1.000000000000000021e-02
> 0.000000000000000000e+00,0.000000000000000000e+00,1.000000000000000021e-02
> 0.000000000000000000e+00,0.000000000000000000e+00,1.000000000000000021e-02
> 0.000000000000000000e+00,1.000000000000000021e-02,0.000000000000000000e+00
781c779,781
< 1.467957690911414259e+00,0.000000000000000000e+00,0.000000000000000000e+00
---
> 1.000000000000000021e-02,0.000000000000000000e+00,0.000000000000000000e+00
> 1.000000000000000021e-02,0.000000000000000000e+00,0.000000000000000000e+00
> 1.000000000000000021e-02,0.000000000000000000e+00,0.000000000000000000e+00
790d789
< -4.900999999999999801e-01,2.800000000000000266e-01,0.000000000000000000e+00
792c791,792
< 3.099000000000000088e-01,0.000000000000000000e+00,0.000000000000000000e+00
---
> 1.000000000000000021e-02,0.000000000000000000e+00,0.000000000000000000e+00
> 1.000000000000000021e-02,0.000000000000000000e+00,0.000000000000000000e+00
801d800
< 5.789100000000000357e-01,0.000000000000000000e+00,0.000000000000000000e+00
803c802,803
< 6.794337810000000699e-01,0.000000000000000000e+00,0.000000000000000000e+00
---
> 1.000000000000000021e-02,0.000000000000000000e+00,0.000000000000000000e+00
> 1.000000000000000021e-02,0.000000000000000000e+00,0.000000000000000000e+00
826d825
< 0.000000000000000000e+00,1.998099999999999876e-01,0.000000000000000000e+00
848a848
> 0.000000000000000000e+00,1.000000000000000021e-02,0.000000000000000000e+00
853,854d852
< 0.000000000000000000e+00,0.000000000000000000e+00,6.687852572296792975e-01
< 0.000000000000000000e+00,0.000000000000000000e+00,6.732000898204030248e-01
858c856,858
< 0.000000000000000000e+00,0.000000000000000000e+00,7.857912335327892350e+00
---
> 0.000000000000000000e+00,0.000000000000000000e+00,1.000000000000000021e-02
> 0.000000000000000000e+00,0.000000000000000000e+00,1.000000000000000021e-02
> 0.000000000000000000e+00,0.000000000000000000e+00,1.000000000000000021e-02
861d860
< 0.000000000000000000e+00,0.000000000000000000e+00,5.517290000000000250e-01
863,865d861
< 0.000000000000000000e+00,0.000000000000000000e+00,-2.794253899999999402e-01
< 0.000000000000000000e+00,0.000000000000000000e+00,7.704316909999999741e-01
< 0.000000000000000000e+00,0.000000000000000000e+00,3.898099999999999898e-01
869c865,869
< 0.000000000000000000e+00,0.000000000000000000e+00,2.278910000000000380e-01
---
> 0.000000000000000000e+00,0.000000000000000000e+00,1.000000000000000021e-02
> 0.000000000000000000e+00,0.000000000000000000e+00,1.000000000000000021e-02
> 0.000000000000000000e+00,0.000000000000000000e+00,1.000000000000000021e-02
> 0.000000000000000000e+00,0.000000000000000000e+00,1.000000000000000021e-02
> 0.000000000000000000e+00,0.000000000000000000e+00,1.000000000000000021e-02
873d872
< 0.000000000000000000e+00,0.000000000000000000e+00,4.297811397528614741e-01
875d873
< 0.000000000000000000e+00,0.000000000000000000e+00,-1.110116389999999953e-01
881,887d878
< 0.000000000000000000e+00,3.630317148999999688e-01,0.000000000000000000e+00
< 0.000000000000000000e+00,0.000000000000000000e+00,2.099000000000000032e-01
< 0.000000000000000000e+00,0.000000000000000000e+00,-4.900999999999999801e-01
< 0.000000000000000000e+00,0.000000000000000000e+00,2.099000000000000032e-01
< 0.000000000000000000e+00,0.000000000000000000e+00,2.099000000000000032e-01
< 0.000000000000000000e+00,0.000000000000000000e+00,2.099000000000000032e-01
< 0.000000000000000000e+00,0.000000000000000000e+00,2.278910000000000380e-01
889,890d879
< 0.000000000000000000e+00,0.000000000000000000e+00,-3.101900000000000768e-01
< 0.000000000000000000e+00,0.000000000000000000e+00,2.099000000000000032e-01
892a882,892
> 0.000000000000000000e+00,0.000000000000000000e+00,1.000000000000000021e-02
> 0.000000000000000000e+00,0.000000000000000000e+00,1.000000000000000021e-02
> 0.000000000000000000e+00,0.000000000000000000e+00,1.000000000000000021e-02
> 0.000000000000000000e+00,0.000000000000000000e+00,1.000000000000000021e-02
> 0.000000000000000000e+00,0.000000000000000000e+00,1.000000000000000021e-02
> 0.000000000000000000e+00,0.000000000000000000e+00,1.000000000000000021e-02
> 0.000000000000000000e+00,0.000000000000000000e+00,1.000000000000000021e-02
> 0.000000000000000000e+00,0.000000000000000000e+00,1.000000000000000021e-02
> 0.000000000000000000e+00,0.000000000000000000e+00,1.000000000000000021e-02
> 0.000000000000000000e+00,0.000000000000000000e+00,1.000000000000000021e-02
> 0.000000000000000000e+00,1.000000000000000021e-02,0.000000000000000000e+00
897d896
< 6.068010000000000348e-01,0.000000000000000000e+00,0.000000000000000000e+00
902a902
> 1.000000000000000021e-02,0.000000000000000000e+00,0.000000000000000000e+00
904d903
< -4.909999999999999920e-01,0.000000000000000000e+00,0.000000000000000000e+00
913a913
> 1.000000000000000021e-02,0.000000000000000000e+00,0.000000000000000000e+00
924,926d923
< 3.393201900000000215e-01,0.000000000000000000e+00,0.000000000000000000e+00
< 0.000000000000000000e+00,3.293549353899999921e-01,0.000000000000000000e+00
< 3.481893170635544266e+00,0.000000000000000000e+00,0.000000000000000000e+00
927a925
> 0.000000000000000000e+00,1.000000000000000021e-02,0.000000000000000000e+00
935c933,935
< 3.099000000000000088e-01,0.000000000000000000e+00,0.000000000000000000e+00
---
> 1.000000000000000021e-02,0.000000000000000000e+00,0.000000000000000000e+00
> 1.000000000000000021e-02,0.000000000000000000e+00,0.000000000000000000e+00
> 1.000000000000000021e-02,0.000000000000000000e+00,0.000000000000000000e+00
959c959
< 0.000000000000000000e+00,1.262146783179811105e-01,0.000000000000000000e+00
---
> 0.000000000000000000e+00,1.000000000000000021e-02,0.000000000000000000e+00
975d974
< 0.000000000000000000e+00,0.000000000000000000e+00,5.679208999999999508e-01
979c978,979
< 0.000000000000000000e+00,0.000000000000000000e+00,3.909516302363289508e-01
---
> 0.000000000000000000e+00,0.000000000000000000e+00,1.000000000000000021e-02
> 0.000000000000000000e+00,0.000000000000000000e+00,1.000000000000000021e-02
982d981
< 0.000000000000000000e+00,0.000000000000000000e+00,3.898099999999999898e-01
985,986d983
< 0.000000000000000000e+00,0.000000000000000000e+00,2.099000000000000032e-01
< 2.135898205432284591e+00,0.000000000000000000e+00,-4.721090000000000009e-01
990a988,990
> 0.000000000000000000e+00,0.000000000000000000e+00,1.000000000000000021e-02
> 0.000000000000000000e+00,0.000000000000000000e+00,1.000000000000000021e-02
> 0.000000000000000000e+00,0.000000000000000000e+00,1.000000000000000021e-02
993d992
< 0.000000000000000000e+00,0.000000000000000000e+00,8.992479440774939770e-01
1002,1005d1000
< 0.000000000000000000e+00,1.605516814900000144e-01,0.000000000000000000e+00
< 0.000000000000000000e+00,0.000000000000000000e+00,1.218303261238618873e+00
< 0.000000000000000000e+00,0.000000000000000000e+00,-2.794253899999999402e-01
< 0.000000000000000000e+00,0.000000000000000000e+00,7.164168149000000874e-01
1006a1002
> 0.000000000000000000e+00,1.000000000000000021e-02,0.000000000000000000e+00
1010d1005
< 0.000000000000000000e+00,0.000000000000000000e+00,2.099000000000000032e-01
1012a1008,1012
> 0.000000000000000000e+00,0.000000000000000000e+00,1.000000000000000021e-02
> 0.000000000000000000e+00,0.000000000000000000e+00,1.000000000000000021e-02
> 0.000000000000000000e+00,0.000000000000000000e+00,1.000000000000000021e-02
> 0.000000000000000000e+00,0.000000000000000000e+00,1.000000000000000021e-02
> 0.000000000000000000e+00,0.000000000000000000e+00,1.000000000000000021e-02
1015d1014
< 3.278910000000000435e-01,0.000000000000000000e+00,0.000000000000000000e+00
1023c1022,1023
< 3.099000000000000088e-01,0.000000000000000000e+00,0.000000000000000000e+00
---
> 1.000000000000000021e-02,0.000000000000000000e+00,0.000000000000000000e+00
> 1.000000000000000021e-02,0.000000000000000000e+00,0.000000000000000000e+00
1047,1048d1046
< 1.256657545876584958e+00,0.000000000000000000e+00,0.000000000000000000e+00
< -4.900999999999999801e-01,0.000000000000000000e+00,0.000000000000000000e+00
1057,1058c1055,1056
< 0.000000000000000000e+00,1.098999999999999838e-01,0.000000000000000000e+00
< 0.000000000000000000e+00,3.630193624899999971e-01,0.000000000000000000e+00
---
> 1.000000000000000021e-02,0.000000000000000000e+00,0.000000000000000000e+00
> 1.000000000000000021e-02,0.000000000000000000e+00,0.000000000000000000e+00
1081d1078
< 0.000000000000000000e+00,6.287877346008896584e-01,0.000000000000000000e+00
1090a1088,1090
> 0.000000000000000000e+00,1.000000000000000021e-02,0.000000000000000000e+00
> 0.000000000000000000e+00,1.000000000000000021e-02,0.000000000000000000e+00
> 0.000000000000000000e+00,1.000000000000000021e-02,0.000000000000000000e+00
1100c1100
< 0.000000000000000000e+00,0.000000000000000000e+00,4.674341485099999804e-01
---
> 0.000000000000000000e+00,0.000000000000000000e+00,1.000000000000000021e-02
1123c1123
< 0.000000000000000000e+00,1.098999999999999838e-01,0.000000000000000000e+00
---
> 0.000000000000000000e+00,1.000000000000000021e-02,0.000000000000000000e+00
1134,1137c1134
< 0.000000000000000000e+00,6.682497275927710145e-01,0.000000000000000000e+00
< 1.111559691000000072e+00,0.000000000000000000e+00,0.000000000000000000e+00
< 2.110558498434412122e+00,0.000000000000000000e+00,0.000000000000000000e+00
< -4.631089999999999929e-01,0.000000000000000000e+00,0.000000000000000000e+00
---
> 0.000000000000000000e+00,1.000000000000000021e-02,0.000000000000000000e+00
1144a1142,1144
> 1.000000000000000021e-02,0.000000000000000000e+00,0.000000000000000000e+00
> 1.000000000000000021e-02,0.000000000000000000e+00,0.000000000000000000e+00
> 1.000000000000000021e-02,0.000000000000000000e+00,0.000000000000000000e+00
1178d1177
< 0.000000000000000000e+00,1.098999999999999838e-01,0.000000000000000000e+00
1180d1178
< 0.000000000000000000e+00,-4.900999999999999801e-01,0.000000000000000000e+00
1188d1185
< 0.000000000000000000e+00,-4.900999999999999801e-01,0.000000000000000000e+00
1190d1186
< 0.000000000000000000e+00,-4.513867230289999588e-01,0.000000000000000000e+00
1202d1197
< 0.000000000000000000e+00,6.790078070096640106e-01,0.000000000000000000e+00
1204c1199
< 0.000000000000000000e+00,5.505484613490999601e-01,0.000000000000000000e+00
---
> 0.000000000000000000e+00,1.000000000000000021e-02,0.000000000000000000e+00
1211a1207,1211
> 0.000000000000000000e+00,1.000000000000000021e-02,0.000000000000000000e+00
> 0.000000000000000000e+00,1.000000000000000021e-02,0.000000000000000000e+00
> 0.000000000000000000e+00,1.000000000000000021e-02,0.000000000000000000e+00
> 0.000000000000000000e+00,1.000000000000000021e-02,0.000000000000000000e+00
> 0.000000000000000000e+00,1.000000000000000021e-02,0.000000000000000000e+00
1213d1212
< 0.000000000000000000e+00,0.000000000000000000e+00,2.099000000000000032e-01
1221c1220,1221
< 0.000000000000000000e+00,0.000000000000000000e+00,3.925399359983125169e+00
---
> 0.000000000000000000e+00,0.000000000000000000e+00,1.000000000000000021e-02
> 0.000000000000000000e+00,0.000000000000000000e+00,1.000000000000000021e-02
1224,1228d1223
< 0.000000000000000000e+00,0.000000000000000000e+00,6.342588837111521327e-01
< 0.000000000000000000e+00,0.000000000000000000e+00,6.037229899999999594e-01
< 6.873697130106553033e-01,0.000000000000000000e+00,-2.306697799999999909e-01
< 0.000000000000000000e+00,0.000000000000000000e+00,1.375488130106552243e+00
< 0.000000000000000000e+00,0.000000000000000000e+00,2.360810000000000408e-01
1232c1227,1232
< 0.000000000000000000e+00,0.000000000000000000e+00,3.131220183348938590e+00
---
> 0.000000000000000000e+00,0.000000000000000000e+00,1.000000000000000021e-02
> 0.000000000000000000e+00,0.000000000000000000e+00,1.000000000000000021e-02
> 0.000000000000000000e+00,0.000000000000000000e+00,1.000000000000000021e-02
> 0.000000000000000000e+00,0.000000000000000000e+00,1.000000000000000021e-02
> 0.000000000000000000e+00,0.000000000000000000e+00,1.000000000000000021e-02
> 0.000000000000000000e+00,0.000000000000000000e+00,1.000000000000000021e-02
1234,1238d1233
< 0.000000000000000000e+00,0.000000000000000000e+00,1.385769834224007901e+00
< 3.353039642245400298e+00,0.000000000000000000e+00,-2.807068038698389834e-01
< 0.000000000000000000e+00,0.000000000000000000e+00,9.587583730047526398e-01
< 0.000000000000000000e+00,0.000000000000000000e+00,2.543922947713618044e+00
< 0.000000000000000000e+00,0.000000000000000000e+00,1.275708506482781113e+00
1240d1234
< 0.000000000000000000e+00,0.000000000000000000e+00,7.807898810000000189e-01
1242,1248d1235
< 0.000000000000000000e+00,0.000000000000000000e+00,3.889099999999999779e-01
< 2.053844439567944935e+00,0.000000000000000000e+00,-1.229185808088709697e-01
< 0.000000000000000000e+00,1.098999999999999838e-01,0.000000000000000000e+00
< 1.574614816929839511e+00,0.000000000000000000e+00,-1.466257889758100230e-01
< 0.000000000000000000e+00,0.000000000000000000e+00,2.488932369745457951e+00
< 0.000000000000000000e+00,0.000000000000000000e+00,3.695732439702124061e+00
< 0.000000000000000000e+00,0.000000000000000000e+00,2.047956214918714712e-01
1250d1236
< 0.000000000000000000e+00,0.000000000000000000e+00,1.234402158457818199e+00
1254,1260c1240,1255
< -6.456707292751473481e-02,-5.857908213217990490e-01,-4.900999999999999801e-01
< 0.000000000000000000e+00,3.599388099999999979e-01,0.000000000000000000e+00
< -4.650061189999999400e-01,6.009023810019531453e-01,0.000000000000000000e+00
< 1.001724441762309326e+01,0.000000000000000000e+00,0.000000000000000000e+00
< 1.454027876158959343e+00,0.000000000000000000e+00,0.000000000000000000e+00
< 3.368100000000000538e-01,0.000000000000000000e+00,0.000000000000000000e+00
< 1.387791277121025679e+00,0.000000000000000000e+00,0.000000000000000000e+00
---
> 0.000000000000000000e+00,0.000000000000000000e+00,1.000000000000000021e-02
> 0.000000000000000000e+00,0.000000000000000000e+00,1.000000000000000021e-02
> 0.000000000000000000e+00,0.000000000000000000e+00,1.000000000000000021e-02
> 0.000000000000000000e+00,0.000000000000000000e+00,1.000000000000000021e-02
> 0.000000000000000000e+00,1.000000000000000021e-02,0.000000000000000000e+00
> 0.000000000000000000e+00,0.000000000000000000e+00,1.000000000000000021e-02
> 0.000000000000000000e+00,0.000000000000000000e+00,1.000000000000000021e-02
> 0.000000000000000000e+00,0.000000000000000000e+00,1.000000000000000021e-02
> 0.000000000000000000e+00,0.000000000000000000e+00,1.000000000000000021e-02
> 0.000000000000000000e+00,0.000000000000000000e+00,1.000000000000000021e-02
> 0.000000000000000000e+00,0.000000000000000000e+00,1.000000000000000021e-02
> 0.000000000000000000e+00,0.000000000000000000e+00,1.000000000000000021e-02
> 0.000000000000000000e+00,0.000000000000000000e+00,1.000000000000000021e-02
> 0.000000000000000000e+00,0.000000000000000000e+00,1.000000000000000021e-02
> 0.000000000000000000e+00,0.000000000000000000e+00,1.000000000000000021e-02
> 0.000000000000000000e+00,1.000000000000000021e-02,0.000000000000000000e+00
1262,1263d1256
< 1.010657933820241050e+00,0.000000000000000000e+00,0.000000000000000000e+00
< -4.819189999999999863e-01,0.000000000000000000e+00,0.000000000000000000e+00
1265c1258,1265
< 4.175273599255525880e+00,0.000000000000000000e+00,0.000000000000000000e+00
---
> 1.000000000000000021e-02,0.000000000000000000e+00,0.000000000000000000e+00
> 1.000000000000000021e-02,0.000000000000000000e+00,0.000000000000000000e+00
> 1.000000000000000021e-02,0.000000000000000000e+00,0.000000000000000000e+00
> 1.000000000000000021e-02,0.000000000000000000e+00,0.000000000000000000e+00
> 1.000000000000000021e-02,0.000000000000000000e+00,0.000000000000000000e+00
> 1.000000000000000021e-02,0.000000000000000000e+00,0.000000000000000000e+00
> 1.000000000000000021e-02,0.000000000000000000e+00,0.000000000000000000e+00
> 1.000000000000000021e-02,0.000000000000000000e+00,0.000000000000000000e+00
1267,1268d1266
< 3.763400485903246606e-01,0.000000000000000000e+00,0.000000000000000000e+00
< 1.483258349467929449e+00,0.000000000000000000e+00,0.000000000000000000e+00
1272,1273d1269
< 5.798100000000000476e-01,0.000000000000000000e+00,0.000000000000000000e+00
< 3.368910000000000515e-01,0.000000000000000000e+00,0.000000000000000000e+00
1276c1272,1276
< -3.424161203775998308e-01,-7.603903334207701148e-02,0.000000000000000000e+00
---
> 1.000000000000000021e-02,0.000000000000000000e+00,0.000000000000000000e+00
> 1.000000000000000021e-02,0.000000000000000000e+00,0.000000000000000000e+00
> 1.000000000000000021e-02,0.000000000000000000e+00,0.000000000000000000e+00
> 1.000000000000000021e-02,0.000000000000000000e+00,0.000000000000000000e+00
> 1.000000000000000021e-02,0.000000000000000000e+00,0.000000000000000000e+00
1278,1279d1277
< 5.798100000000000476e-01,0.000000000000000000e+00,0.000000000000000000e+00
< 1.903273745736287381e+00,0.000000000000000000e+00,0.000000000000000000e+00
1287a1286,1287
> 1.000000000000000021e-02,0.000000000000000000e+00,0.000000000000000000e+00
> 1.000000000000000021e-02,0.000000000000000000e+00,0.000000000000000000e+00
1290d1289
< 2.025015299188062556e+00,0.000000000000000000e+00,0.000000000000000000e+00
1298c1297,1298
< 5.262067803647529907e-01,0.000000000000000000e+00,0.000000000000000000e+00
---
> 1.000000000000000021e-02,0.000000000000000000e+00,0.000000000000000000e+00
> 1.000000000000000021e-02,0.000000000000000000e+00,0.000000000000000000e+00
1310,1311d1309
< 0.000000000000000000e+00,1.299551276970999925e-01,0.000000000000000000e+00
< 0.000000000000000000e+00,2.807290000000000063e-01,0.000000000000000000e+00
1321,1327d1318
< 0.000000000000000000e+00,3.769416910000000231e-01,0.000000000000000000e+00
< 1.624168652700000104e+00,-2.386746846519869347e-01,0.000000000000000000e+00
< 7.511049455882893966e+00,-2.391611899999999680e-01,0.000000000000000000e+00
< 0.000000000000000000e+00,2.182373859244273628e+00,0.000000000000000000e+00
< 9.551182541541434201e-01,-2.874442431086052241e-01,0.000000000000000000e+00
< 0.000000000000000000e+00,3.687306848486686106e-01,0.000000000000000000e+00
< 0.000000000000000000e+00,3.252057085657923396e-01,0.000000000000000000e+00
1331c1322,1331
< 0.000000000000000000e+00,6.613729327564465965e-01,0.000000000000000000e+00
\ No newline at end of file
---
> 0.000000000000000000e+00,1.000000000000000021e-02,0.000000000000000000e+00
> 0.000000000000000000e+00,1.000000000000000021e-02,0.000000000000000000e+00
> 0.000000000000000000e+00,1.000000000000000021e-02,0.000000000000000000e+00
> 0.000000000000000000e+00,1.000000000000000021e-02,0.000000000000000000e+00
> 0.000000000000000000e+00,1.000000000000000021e-02,0.000000000000000000e+00
> 0.000000000000000000e+00,1.000000000000000021e-02,0.000000000000000000e+00
> 0.000000000000000000e+00,1.000000000000000021e-02,0.000000000000000000e+00
> 0.000000000000000000e+00,1.000000000000000021e-02,0.000000000000000000e+00
> 0.000000000000000000e+00,1.000000000000000021e-02,0.000000000000000000e+00
> 0.000000000000000000e+00,1.000000000000000021e-02,0.000000000000000000e+00
